NO	LRR	LRR_var	group
1	-0.487384094	0.006720728	NBPs
2	-0.057824106	0.00445715	NBPs
3	-0.01890825	0.008904604	NBPs
4	0.106484187	0.010918776	NBPs
5	-0.255149382	0.002545022	NBPs
6	-0.338079788	0.001819464	NBPs
7	-0.185001131	0.013099777	NBPs
8	-0.010777401	0.004148332	NBPs
9	-0.008298326	0.003791782	NBPs
10	0.005497998	0.003334368	NBPs
11	0.058844422	0.00602937	NBPs
12	0.040494584	0.003665279	NBPs
13	-1.324570555	0.008164056	BPs
14	-0.21660846	0.006015808	BPs
15	-0.110789401	0.004515806	BPs
16	0.193490322	0.012851872	BPs
17	-0.762520977	0.001714484	BPs
18	-0.388186269	0.0081329	BPs
19	-0.089694604	0.003024254	BPs
20	-0.080935937	0.015624651	BPs
21	0.126625471	0.007340193	BPs
22	0.210394994	0.008018021	BPs
23	-0.110575224	0.002813083	BPs
24	0.061434713	0.010219427	BPs
25	-0.381119628	0.02353567	
26	-0.484191709	0.006420296	
27	-0.321101109	0.005102402	
28	-0.137126585	0.000632998	
29	-0.253109613	0.002454576	
30	-0.064873526	0.030661725	
31	0.017923068	0.004229574	
32	-0.007780756	0.003725382	
33	-0.106221425	0.005068446	
34	-0.751136949	0.014664082	
35	-1.331488305	0.008771263	
36	-0.306643437	0.005924937	
37	-0.493395456	0.011537483	
38	-0.760707172	0.001571596	
39	-0.373324142	0.001478287	
40	-0.013007556	0.006846159	
41	0.126073887	0.007281923	
42	0.00515374	0.020266236	
43	-0.491864518	0.006836223	NBPs
44	-0.213899024	0.005582083	NBPs
45	-1.201724551	0.006588904	BPs
46	-1.333654612	0.009374794	BPs
47	-0.254426408	0.002425424	NBPs
48	-0.115067975	0.005088181	NBPs
49	-1.021919802	0.000697145	BPs
50	-0.763176303	0.001644851	BPs
51	-0.009974416	0.003650731	NBPs
52	-0.221280457	0.004075565	NBPs
53	-0.090851391	0.016828606	BPs
54	0.123559139	0.007262415	BPs
55	-0.076261985	0.000470195	BPs
56	-0.114728266	0.000704126	BPs
57	-0.179005383	0.001158391	BPs
58	0.015611765	0.000338098	NBPs
59	-0.007017573	0.001024853	NBPs
60	0.024180798	0.000331213	NBPs
61	-0.805866218	0.064295031	NBPs
62	-0.901178203	0.01557661	NBPs
63	0.625428573	0.008749666	NBPs
64	0.174352933	0.018835613	NBPs
65	-0.09763847	0.000891064	NBPs
66	-0.109543372	0.001557463	NBPs
67	-0.184112068	0.000738289	NBPs
68	-0.167054085	0.000696576	NBPs
69	0	0.000584569	NBPs
70	-0.107549353	0.007373332	NBPs
71	-0.313378138	0.010587962	NBPs
72	-0.203427688	0.004705584	NBPs
73	-0.150617107	0.0041282	NBPs
74	-0.203427688	0.006523444	NBPs
75	-0.232032499	0.012151909	NBPs
76	-0.308547211	0.015489187	NBPs
77	-0.398568049	0.003581514	NBPs
78	-0.393426026	0.003862054	NBPs
79	-0.739171946	0.006080232	NBPs
80	-0.669213643	0.001569652	NBPs
81	-0.761150449	0.006947632	NBPs
82	-1.071307064	0.001872108	NBPs
83	-0.419401399	0.001945142	NBPs
84	-0.61657038	0.002679167	NBPs
85	-0.814395036	0.002669677	NBPs
86	-0.862405057	0.003261313	NBPs
87	-0.830143652	0.004045215	NBPs
88	-1.200518868	0.005425875	NBPs
89	-0.136993158	0.002365291	NBPs
90	-0.211103042	0.002391257	NBPs
91	-0.429983684	0.002615623	NBPs
92	-0.623000709	0.003741189	NBPs
93	-0.703581149	0.006906351	NBPs
94	-0.930227023	0.006048992	NBPs
95	-0.309838471	0.001029204	NBPs
96	-0.314566193	0.001029274	NBPs
97	-0.610179806	0.001035309	NBPs
98	-1.223773698	0.0012063	NBPs
99	-1.223773698	0.001067917	NBPs
100	-1.296978314	0.001075212	NBPs
101	0.067593291	0.003269099	NBPs
102	-0.118657544	0.001077872	NBPs
103	-0.36772478	0.001289568	NBPs
104	-0.235456812	0.002179699	NBPs
105	0.40153583	0.001737894	NBPs
106	0.39363065	0.002955747	NBPs
107	0.284736562	0.001694364	NBPs
108	0.328033368	0.005107363	NBPs
109	0.062476033	0.022250519	NBPs
110	-0.014962873	0.028793743	NBPs
111	-0.011428696	0.019394277	NBPs
112	-0.126126998	0.001167359	NBPs
113	0.023991171	0.023734763	NBPs
114	0.209981835	0.007051696	NBPs
115	-0.110582994	0.010865879	NBPs
116	-0.064263129	0.004056807	NBPs
117	-0.157286065	0.002942121	NBPs
118	-0.038590816	0.001526723	NBPs
119	0.087157383	0.001043208	NBPs
120	-0.018691944	0.000777479	NBPs
121	-0.030077149	0.000894129	NBPs
122	-0.101252664	0.000862312	NBPs
123	-0.242728545	0.001857846	NBPs
124	-0.276250899	0.001902505	NBPs
125	-0.490907923	0.002271783	NBPs
126	-0.012422381	0.000786265	NBPs
127	-0.131767707	0.000334057	NBPs
128	-0.251318411	0.00084242	NBPs
129	-0.126149936	0.000866886	NBPs
130	-0.241837199	0.002026123	NBPs
131	-0.251315862	0.000802966	NBPs
132	-0.026202166	0.001318232	NBPs
133	-0.158469004	0.002438156	NBPs
134	-0.299240178	0.001258882	NBPs
135	0	0.000330227	NBPs
136	-0.031350175	0.000331049	NBPs
137	-0.124750223	0.00163785	NBPs
138	-0.155379768	0.001049917	BPs
139	-0.172771306	0.000967765	BPs
140	-0.48412419	0.000844803	BPs
141	-0.505092413	0.002302227	BPs
142	-0.728236609	0.008016557	BPs
143	-1.319602032	0.002601359	BPs
144	-0.462625818	0.004194171	BPs
145	-0.492478513	0.004432677	BPs
146	-0.756864638	0.000548383	BPs
147	-0.04580985	0.000993815	NBPs
148	-0.148569371	0.000724519	NBPs
149	-0.102051826	0.000719524	NBPs
150	-0.053588681	0.001347088	NBPs
151	-0.081491416	0.001976415	NBPs
152	-0.496438724	0.002323264	NBPs
153	-0.168749111	0.001362508	NBPs
154	-0.345202888	0.000850261	NBPs
155	-0.253092633	0.000742386	NBPs
156	-0.183815554	0.000909584	NBPs
157	-0.312874779	0.001223644	NBPs
158	-0.258269076	0.000738334	NBPs
159	-0.053588681	0.001347088	NBPs
160	-0.119957863	0.00174744	NBPs
161	-0.302282936	0.001280953	NBPs
162	-0.084191188	0.000342658	NBPs
163	-0.183567641	0.00087417	NBPs
164	-0.125579818	0.001544735	NBPs
165	-0.127156083	0.00069226	BPs
166	-0.317988777	0.000887447	BPs
167	-0.485041608	0.00086421	BPs
168	-0.119957863	0.001266837	BPs
169	-0.212338839	0.001851468	BPs
170	-1.343737866	0.00271632	BPs
171	-0.090969391	0.000761003	BPs
172	-0.390059804	0.002478679	BPs
173	-0.763917061	0.000442797	BPs
174	-0.10413904	0.000732169	NBPs
175	-0.25761423	0.000711459	NBPs
176	-0.485509899	0.000833062	BPs
177	-0.499490443	0.002251383	NBPs
178	-0.307823247	0.001238464	NBPs
179	-1.36097422	0.004526728	BPs
180	-0.249566939	0.000830355	NBPs
181	-0.123936048	0.001615641	NBPs
182	-0.763017338	0.00083298	BPs
183	-0.153025427	0.00387568	NBPs
184	-0.176931388	0.002228944	NBPs
185	-0.30538237	0.032542785	NBPs
186	-0.332531676	0.031312915	NBPs
187	-0.428760589	0.040139384	NBPs
188	-0.452932555	0.053040121	NBPs
189	-0.562931147	0.027425335	NBPs
190	-0.574627648	0.098480112	NBPs
191	-0.040273457	0.025195209	BPs
192	-0.314348647	0.023221059	BPs
193	-0.11860628	0.029532557	BPs
194	-0.112005329	0.03190157	BPs
195	-0.134476791	0.025778629	BPs
196	-0.363319757	0.031067184	BPs
197	-0.012582164	0.000307252	NBPs
198	-0.05129694	0.00172634	NBPs
199	-0.124055823	0.00075815	NBPs
200	-0.18733743	0.002438291	NBPs
201	0.023856317	0.000839634	NBPs
202	0.079517801	0.000859643	NBPs
203	-0.00691959	0.001871401	NBPs
204	-0.045857652	0.000450955	NBPs
205	0.052899999	0.003792988	NBPs
206	0.056192184	0.002711151	BPs
207	0	0.013855407	NBPs
208	0.187382887	0.011891466	NBPs
209	0.520532117	0.001318707	NBPs
210	0.399390442	0.000266221	NBPs
211	0.630231154	0.000423305	NBPs
212	0.311779596	0.000304616	NBPs
213	0.39730246	0.000287892	NBPs
214	0.136576064	0.001556404	NBPs
215	0.534924286	0.000470377	NBPs
216	0.021975704	0.050346272	NBPs
217	-0.01117451	0.005106326	NBPs
218	0.245119255	0.022444323	NBPs
219	0.105355982	0.028687303	NBPs
220	0.011045415	0.017698782	NBPs
221	-0.143104331	0.030863869	NBPs
222	0.095309665	0.032572545	BPs
223	-0.105359886	0.200614832	BPs
224	0.05406752	0.061701003	BPs
225	0.154146632	0.035830504	BPs
226	-0.088932607	0.001625759	NBPs
227	-0.037149922	0.005087091	NBPs
228	0.17558104	0.018305696	BPs
229	-0.032512617	0.003419465	BPs
230	0.031488748	0.003622208	BPs
231	-0.012961579	0.032809495	NBPs
232	-0.060589628	0.032671659	NBPs
233	-0.071956786	0.033479335	BPs
234	-0.018649877	0.034044443	BPs
235	-0.116873595	0.032487301	BPs
236	-0.145025772	0.002537208	BPs
237	-0.216913002	0.00556803	BPs
238	-0.342490309	0.010620294	BPs
239	-0.216913002	0.002288835	BPs
240	0.03003241	0.000450087	BPs
241	0.120489869	0.002701333	NBPs
242	-0.006116253	0.000936836	NBPs
243	-0.296612272	0.004855394	BPs
244	-0.603915659	0.022512986	NBPs
245	-1.966113181	0.011914853	NBPs
246	-0.016694437	0.001724923	NBPs
247	-0.013332195	0.001422387	NBPs
248	0.094709999	0.001146218	NBPs
249	-0.030252602	0.000992905	NBPs
250	-0.037103767	0.001058936	NBPs
251	-0.077884508	0.000251349	NBPs
252	0.045077147	0.002634756	NBPs
253	0.093474881	0.000788284	NBPs
254	0.119381842	0.000220909	NBPs
255	0.073717531	0.003166529	NBPs
256	0.032261657	0.00291623	NBPs
257	0.063513564	0.002446137	NBPs
258	0.037537896	0.002622185	NBPs
259	0.017522351	0.005025994	NBPs
260	-0.129211731	0.002775111	NBPs
261	0.180747992	0.00095723	NBPs
262	0.226910034	0.003870229	NBPs
263	-0.046522707	0.001828758	NBPs
264	-0.204378684	0.003347895	NBPs
265	-0.146601491	0.00545669	BPs
266	-0.238409103	0.001311959	BPs
267	0	0.001495446	NBPs
268	-0.01905515	0.005102617	NBPs
269	-0.028713598	0.001513093	BPs
270	-0.186105612	0.001486828	BPs
271	0.027156166	0.000849707	NBPs
272	-0.106379191	0.002238068	NBPs
273	-0.092847364	0.000758348	BPs
274	-0.248696346	0.000932667	BPs
275	0.016053894	0.001167351	NBPs
276	-0.142354874	0.001171609	NBPs
277	-0.009756707	0.00105493	BPs
278	-0.172659921	0.003569827	BPs
279	0.031581572	0.000699165	NBPs
280	0.046520016	0.00053466	NBPs
281	-0.67560358	0.053864995	NBPs
282	-0.64296371	0.05049614	NBPs
283	-0.469237264	0.050120281	NBPs
284	-0.898386562	0.054155565	NBPs
285	-2.671234061	52.50699867	NBPs
286	-0.127834881	0.014513115	NBPs
287	-0.027774093	0.000948872	NBPs
288	-0.101779906	0.002660002	NBPs
289	-0.23052294	0.005703419	NBPs
290	-0.353638338	0.121629734	NBPs
291	0.22314464	0.029513424	NBPs
292	0.051292951	0.005270012	NBPs
293	-0.040275336	0.005659347	NBPs
294	-0.010590575	0.001450036	NBPs
295	0.527523884	0.002887487	NBPs
296	0.090513643	0.00848587	NBPs
297	0.328923093	0.01224502	NBPs
298	-0.180583067	0.007972815	NBPs
299	-0.248831796	0.016503946	NBPs
300	-0.358745784	0.006545733	NBPs
301	-0.15996276	0.009665868	NBPs
302	0.412845215	0.007550699	NBPs
303	-0.174353387	0.21591482	NBPs
304	0.176127599	0.010738178	NBPs
305	0.157318229	0.024091149	NBPs
306	0.131679902	0.011905055	NBPs
307	-0.026589448	0.000213516	NBPs
308	-0.041673902	0.000166545	NBPs
309	-0.091528001	0.000193272	NBPs
310	-0.154151729	0.000277678	NBPs
311	-0.157559164	0.000154358	NBPs
312	-0.006006505	1.50E-05	NBPs
313	-0.02424336	1.51E-05	NBPs
314	-0.100715275	4.49E-05	NBPs
315	-0.124166419	2.73E-05	NBPs
316	-0.151659295	4.84E-05	NBPs
317	0.055543581	0.000339085	NBPs
318	-0.021686329	0.000170424	NBPs
319	-0.077988159	0.000172554	NBPs
320	-0.105386515	0.000173673	NBPs
321	-0.175229748	0.000207006	NBPs
322	0.010431422	0.011296458	NBPs
323	0.043003369	0.017491756	NBPs
324	0.04163624	0.000825505	NBPs
325	0.002141328	0.000758387	NBPs
326	-0.824723268	0.000119723	NBPs
327	-2.071258263	0.001420373	NBPs
328	-0.746604233	0.00028084	NBPs
329	-1.146308935	2.73E-05	BPs
330	-1.255507703	3.33E-05	BPs
331	-0.663459743	8.74E-05	BPs
332	-0.255294038	0.00044159	NBPs
333	-0.478904988	0.000528159	NBPs
334	-0.399155939	0.004325759	NBPs
335	-0.380463806	0.01704051	NBPs
336	-0.496226824	0.038470812	BPs
337	-0.049231438	0.025107207	NBPs
338	-0.221588855	0.003128192	NBPs
339	-0.132641369	0.001417554	NBPs
340	-0.118556979	0.002725339	NBPs
341	-0.132641369	0.002222318	NBPs
342	-0.025155136	0.001330096	NBPs
343	-0.050963338	0.00113565	NBPs
344	-0.025152269	0.001127057	NBPs
345	0.117098534	0.001727806	NBPs
346	0.060262297	0.001272648	NBPs
347	-0.012497057	0.001953548	NBPs
348	-0.012497057	0.002388855	NBPs
349	0.04256272	0.001000327	NBPs
350	0.111555592	0.000995756	NBPs
351	-0.006224319	0.001121032	NBPs
352	0.030589541	0.002271283	NBPs
353	-0.012497057	0.002388855	NBPs
354	-0.04444541	0.001006942	NBPs
355	2.80E-06	0.002353697	NBPs
356	0.064535696	0.008271392	BPs
357	0.146326061	0.007996236	BPs
358	0.07019813	0.007808197	NBPs
359	0	0.004750432	NBPs
360	0.068992325	0.000406239	BPs
361	0.171269899	0.023304014	BPs
362	-0.02221844	0.000469226	NBPs
363	0.138330898	0.005653248	NBPs
364	0.004754912	0.001091492	BPs
365	0.073425834	0.00208079	BPs
366	0.082237911	0.001695992	NBPs
367	0.158223659	0.001543211	NBPs
368	-0.112307444	0.011231606	BPs
369	-0.149886955	0.008873402	BPs
370	-0.162733976	0.009855128	NBPs
371	-0.188940616	0.009940748	NBPs
372	-0.120337315	0.110599896	NBPs
373	0.351724439	0.00747173	NBPs
374	-0.155370936	0.157380029	NBPs
375	0.172227744	0.104554786	NBPs
376	-0.312154929	0.169709843	NBPs
377	0.350202429	0.036683704	NBPs
378	-0.050804576	0.004958552	NBPs
379	-0.057927258	0.00109897	NBPs
380	-0.085157808	0.001824428	NBPs
381	-0.40750801	0.000590485	NBPs
382	-0.664976304	0.000327796	NBPs
383	-0.773870392	0.000556509	NBPs
384	-0.033488606	0.005910462	BPs
385	-0.169234762	0.010059714	BPs
386	-0.40846304	0.005926219	BPs
387	-0.386191564	0.0040939	BPs
388	-1.791759469	0.231481481	NBPs
389	-1.568615918	0.244814815	NBPs
390	-1.791759469	0.231481481	NBPs
391	-0.064349682	0.001086403	NBPs
392	0.002968829	0.004469228	NBPs
393	0.001124368	0.000151249	NBPs
394	-0.106055201	0.000179193	NBPs
395	0.022067218	0.000117164	NBPs
396	-0.066807761	0.000210919	NBPs
397	-0.04905895	0.000165841	NBPs
398	-0.066807761	0.000185685	NBPs
399	-0.078772681	0.000123706	BPs
400	-0.065605757	9.92E-05	BPs
401	-0.048271549	0.00016172	BPs
402	-0.065605757	9.92E-05	BPs
403	-0.057298129	0.000127842	BPs
404	0.003369317	0.000154476	BPs
405	-0.064538521	0.000277072	BPs
406	-0.061035891	0.000344517	BPs
407	-0.082238098	0.001549291	NBPs
408	0.155090088	0.000461429	NBPs
409	-0.093010195	0.000123035	NBPs
410	-0.096626836	0.000543903	NBPs
411	0.077650934	0.002144181	BPs
412	-0.143339764	0.002116366	BPs
413	-0.077458059	0.002069368	NBPs
414	0.170869063	0.002194338	NBPs
415	-0.044451763	0.004964418	NBPs
416	0.100379185	0.002051393	NBPs
417	-0.025513601	0.008202007	NBPs
418	-0.075645743	0.003026465	NBPs
419	0.052280904	0.002595156	NBPs
420	0.024994066	0.004446263	NBPs
421	-0.041519477	0.003878849	NBPs
422	-0.073831016	0.002859391	NBPs
423	-0.08253469	0.001266506	NBPs
424	-0.150591393	0.004280089	NBPs
425	-0.084607229	0.003974076	NBPs
426	-0.08714618	0.002706727	NBPs
427	-0.08253469	0.001266506	NBPs
428	-0.078631574	0.004743678	NBPs
429	-0.069507423	0.004270519	NBPs
430	-0.089691594	0.004113451	NBPs
431	-0.145188629	0.002844667	NBPs
432	-0.213604361	0.001773618	NBPs
433	-0.245852325	0.005852014	NBPs
434	-0.139814899	0.00333806	NBPs
435	-0.145188629	0.002844667	NBPs
436	-0.078402452	0.006595711	NBPs
437	-0.091215968	0.000482189	NBPs
438	-0.229573983	0.000441159	NBPs
439	-0.063512785	0.000378423	NBPs
440	-0.223142663	0.000342435	NBPs
441	-0.068992618	0.000380178	BPs
442	-0.210404256	0.000552991	BPs
443	-0.047252426	0.000460027	BPs
444	-0.210404256	0.000873441	BPs
445	0.064538784	0.00077212	NBPs
446	-0.030772315	0.000925475	NBPs
447	0.098061144	0.000851531	NBPs
448	-0.012194681	0.001402849	NBPs
449	0.087011843	0.000857129	BPs
450	-0.018348957	0.001222306	BPs
451	0.10898969	0.001082377	BPs
452	-0.006079456	0.001046095	BPs
453	0.063178287	0.001185421	NBPs
454	-0.083066941	0.001642778	NBPs
455	0.090025797	0.000995604	NBPs
456	-0.059719801	0.001340153	NBPs
457	0.116171324	0.001129577	BPs
458	-0.052056413	0.001329353	BPs
459	0.141650643	0.00127618	BPs
460	-0.021978684	0.001087331	BPs
461	-0.125416567	0.012687582	NBPs
462	0.104600446	0.013561177	NBPs
463	0.232980842	0.011736404	NBPs
464	-0.142147675	0.000815611	BPs
465	-0.176127828	0.001023114	NBPs
466	-0.14692864	0.003507757	BPs
467	-0.144537549	0.001296854	NBPs
468	-0.271932499	0.000909039	BPs
469	-0.242479596	0.002088841	NBPs
470	-0.446673979	0.001101485	BPs
471	-0.440221326	0.001561819	NBPs
472	-0.459705553	0.00074864	BPs
473	-0.577897804	0.001064835	NBPs
474	-0.200670914	0.169882442	NBPs
475	-0.200670914	0.093064047	NBPs
476	-0.095309197	0.068770048	NBPs
477	-0.062519723	0.143058131	NBPs
478	0.167054236	0.124516877	NBPs
479	0.287682564	0.091828505	NBPs
480	0.287682564	0.084094664	NBPs
481	0.287682564	0.067034824	NBPs
482	0.353641252	0.189598799	NBPs
483	0.207638771	0.0463347	NBPs
484	0.143099735	0.047341317	NBPs
485	-0.124676576	0.091464417	NBPs
486	-0.108214399	0.062932316	NBPs
487	0.014544142	0.067443333	NBPs
488	-0.193371266	0.062067673	NBPs
489	0.028882088	0.073259613	NBPs
490	0.136729939	0.042730889	NBPs
491	0.133530799	0.055281336	NBPs
492	0.179853142	0.004930758	NBPs
493	0.353219951	0.005298011	NBPs
494	0.175730745	0.004937403	NBPs
495	0.199268912	0.004947894	NBPs
496	0.32912023	0.003522588	NBPs
497	0.19083274	0.00433117	NBPs
498	-0.453993982	0.000530771	NBPs
499	-0.254324166	0.003484548	NBPs
500	-0.111226595	0.000269302	NBPs
501	-0.147155787	0.000428262	NBPs
502	-0.442999105	0.000449061	NBPs
